1.552 0.245348 4.55365 
-1.8928 0.26487 4.33847 
-2.40769 0.0396411 3.61751 

3.07651 1.03395 -1.1607 
2.42047 0.235979 -4.26428 
1.86621 1.02261 -2.67064 

-2.83246 0.149721 -3.69595 
-1.99954 1.00413 -2.58857 
-0.792067 0.19849 -4.62788 

-0.0537327 1.01673 -3.30429 
-0.792067 0.19849 -4.62788 
-1.99954 1.00413 -2.58857 

-3.08862 0.968064 1.15152 
-3.18768 1.02359 -0.89107 
-4.3396 0.244571 2.18234 

-1.96097 1.02674 2.62158 
-3.08862 0.968064 1.15152 
-4.3396 0.244571 2.18234 

3.86341 0.203219 2.64746 
2.77151 1.00112 1.77313 
1.552 0.245348 4.55365 

2.77151 1.00112 1.77313 
3.86341 0.203219 2.64746 
4.63409 0.227362 0.751085 

-3.25365 1.71418 0.820529 
-3.18768 1.02359 -0.89107 
-3.08862 0.968064 1.15152 

-3.08862 0.968064 1.15152 
-1.96097 1.02674 2.62158 
-2.77431 1.55099 1.95909 

3.23097 1.04784 0.333859 
3.3111 1.75112 0.691328 
2.77151 1.00112 1.77313 

-1.61058 1.49134 -3.00186 
-2.83137 1.55841 -1.87558 
-2.08666 1.83312 -2.4136 

-1.65629 1.69451 2.93891 
-0.594527 1.49218 3.35366 
0.616763 1.70577 3.32458 

2.04156 1.56868 -2.80503 
0.142048 2.68042 -0.950079 
2.69161 1.82863 -1.73718 

-0.173158 1.68785 -3.39643 
0.142048 2.68042 -0.950079 
2.04156 1.56868 -2.80503 

-3.32855 1.70349 -0.511066 
-0.772242 2.64998 -0.584714 
-2.08666 1.83312 -2.4136 

-0.772242 2.64998 -0.584714 
-3.32855 1.70349 -0.511066 
-0.823323 2.68904 0.490271 

-3.25365 1.71418 0.820529 
-1.65629 1.69451 2.93891 
-0.823323 2.68904 0.490271 

0.157866 2.65272 0.938017 
0.616763 1.70577 3.32458 
2.27037 1.70957 2.51368 

-0.978804 4.04509 -0.582798 
-0.00272474 3.30626 -0.451859 
-0.466044 3.30346 0.0496877 

-0.629124 4.0467 0.938446 
-0.466044 3.30346 0.0496877 
-0.0258329 3.31115 0.445092 

0.732094 4.04612 0.865891 
-0.0258329 3.31115 0.445092 
0.39288 3.33379 0.276423 

1.14278 4.06136 0.0967728 
0.732094 4.04612 0.865891 
0.39288 3.33379 0.276423 

1.03921 6.86625 -1.30975 
0.836506 4.03906 -0.753119 
-0.0722657 4.01168 -1.1489 

-1.37099 6.6512 -0.92739 
-0.0722657 4.01168 -1.1489 
-0.978804 4.04509 -0.582798 

-1.88669 8.86952 -0.420113 
-0.978804 4.04509 -0.582798 
-1.11215 4.05221 0.223855 

1.62287 6.8737 0.471302 
0.732094 4.04612 0.865891 
1.14278 4.06136 0.0967728 

1.38984 8.83261 -1.21379 
1.82653 8.86703 -0.118763 
1.5007 7.2508 -0.764655 

1.57839 7.00616 -0.606808 
1.5007 7.2508 -0.764655 
1.82653 8.86703 -0.118763 

1.37024 7.50026 -0.995545 
1.03921 6.86625 -1.30975 
1.38984 8.83261 -1.21379 

1.57839 7.00616 -0.606808 
1.82653 8.86703 -0.118763 
1.62287 6.8737 0.471302 

0.157282 9.68321 -2.69411 
0.159054 8.92057 -1.92628 
-0.839174 8.89525 -1.71508 

-1.07645 9.76239 2.52859 
-1.64243 8.92946 1.05048 
-0.695385 8.91518 1.7996 

-1.07645 9.76239 2.52859 
-0.695385 8.91518 1.7996 
0.433671 8.93571 1.90312 

0.99357 9.76791 2.50249 
0.433671 8.93571 1.90312 
1.51805 8.85439 1.13571 

1.51572 9.74561 -2.18275 
0.677279 10.5 -0.98042 
2.47323 9.75323 -1.04016 

0.157282 9.68321 -2.69411 
-0.0321087 10.4992 -1.19782 
1.51572 9.74561 -2.18275 

-2.23413 10.0076 0.843833 
-1.15948 10.4946 -0.17326 
-2.65185 9.7224 0.216712 

-1.07645 9.76239 2.52859 
-0.559578 10.4823 1.02419 
-2.23413 10.0076 0.843833 

1.50948 10.7832 -0.985826 
1.09451 10.5098 0.440611 
1.14748 10.4993 -0.327828 

1.50948 10.7832 -0.985826 
1.14748 10.4993 -0.327828 
0.677279 10.5 -0.98042 

0.728739 11.1763 2.91658 
2.49146 11.9383 3.09834 
1.1642 12.0493 3.87525 

-0.48228 11.8787 3.90622 
1.1642 12.0493 3.87525 
-0.153486 12.6005 4.24352 

-1.17249 13.0037 -4.00845 
0.315164 12.8205 -4.2055 
-0.743151 12.153 -4.07503 

-0.743151 12.153 -4.07503 
-2.17025 12.3093 -3.57122 
-1.17249 13.0037 -4.00845 

-2.69704 13.0299 3.13423 
-3.60482 12.8164 2.22125 
-2.82484 12.0598 3.02496 

-2.82484 12.0598 3.02496 
-1.53903 12.5674 3.93789 
-2.69704 13.0299 3.13423 

1.94625 12.7297 -3.78947 
0.315164 12.8205 -4.2055 
1.63289 13.4541 -3.46711 

-3.01832 12.7587 -2.97965 
-4.17578 12.834 -0.971985 
-2.61049 13.621 -2.67823 

-3.44823 13.6634 1.14205 
-4.17578 12.834 -0.971985 
-4.10206 12.7126 1.02666 

-4.10206 12.7126 1.02666 
-3.60482 12.8164 2.22125 
-3.44823 13.6634 1.14205 

-0.153486 12.6005 4.24352 
1.45653 12.6984 4.0175 
-0.0719121 13.5804 3.69627 

3.62359 13.5826 0.707514 
3.88296 12.8072 1.67038 
4.21128 12.8059 0.279585 

-1.17249 13.0037 -4.00845 
-2.61049 13.621 -2.67823 
-0.390917 14.3248 -2.83465 

-3.60482 12.8164 2.22125 
-2.69704 13.0299 3.13423 
-1.93027 14.2048 2.24219 

-2.69704 13.0299 3.13423 
-1.38078 13.3074 3.7323 
-1.93027 14.2048 2.24219 

1.52959 14.3813 2.11782 
2.74248 13.7487 2.18515 
2.65384 14.3933 0.231286 

-1.93027 14.2048 2.24219 
-0.0945496 15.0733 0.102496 
-2.30323 14.4628 0.664692 

2.42047 0.235979 -4.26428 
4.49616 0.144081 -1.28332 
-0.792067 0.19849 -4.62788 

-2.83246 0.149721 -3.69595 
-0.792067 0.19849 -4.62788 
4.49616 0.144081 -1.28332 

-2.40769 0.0396411 3.61751 
-4.3396 0.244571 2.18234 
-4.42799 0.212552 -1.67275 

2.03626 0.0369523 3.77042 
1.552 0.245348 4.55365 
-2.40769 0.0396411 3.61751 

4.49616 0.144081 -1.28332 
3.86341 0.203219 2.64746 
2.03626 0.0369523 3.77042 

-1.8928 0.26487 4.33847 
-4.3396 0.244571 2.18234 
-2.40769 0.0396411 3.61751 

3.86341 0.203219 2.64746 
1.552 0.245348 4.55365 
2.03626 0.0369523 3.77042 

4.49616 0.144081 -1.28332 
2.42047 0.235979 -4.26428 
3.07651 1.03395 -1.1607 

2.42047 0.235979 -4.26428 
-0.0537327 1.01673 -3.30429 
1.86621 1.02261 -2.67064 

2.42047 0.235979 -4.26428 
-0.792067 0.19849 -4.62788 
-0.0537327 1.01673 -3.30429 

-2.83246 0.149721 -3.69595 
-4.42799 0.212552 -1.67275 
-1.99954 1.00413 -2.58857 

-1.99954 1.00413 -2.58857 
-4.42799 0.212552 -1.67275 
-3.18768 1.02359 -0.89107 

-4.42799 0.212552 -1.67275 
-4.3396 0.244571 2.18234 
-3.18768 1.02359 -0.89107 

-4.3396 0.244571 2.18234 
-1.8928 0.26487 4.33847 
-1.96097 1.02674 2.62158 

-1.8928 0.26487 4.33847 
-0.681972 1.01728 3.16767 
-1.96097 1.02674 2.62158 

1.552 0.245348 4.55365 
-0.681972 1.01728 3.16767 
-1.8928 0.26487 4.33847 

1.552 0.245348 4.55365 
1.10374 1.02733 3.12142 
-0.681972 1.01728 3.16767 

1.552 0.245348 4.55365 
2.77151 1.00112 1.77313 
1.10374 1.02733 3.12142 

4.63409 0.227362 0.751085 
3.23097 1.04784 0.333859 
2.77151 1.00112 1.77313 

4.49616 0.144081 -1.28332 
3.07651 1.03395 -1.1607 
4.63409 0.227362 0.751085 

3.07651 1.03395 -1.1607 
3.23097 1.04784 0.333859 
4.63409 0.227362 0.751085 

2.04156 1.56868 -2.80503 
3.24038 1.54556 -1.08738 
3.07651 1.03395 -1.1607 

1.86621 1.02261 -2.67064 
2.04156 1.56868 -2.80503 
3.07651 1.03395 -1.1607 

1.86621 1.02261 -2.67064 
-0.0537327 1.01673 -3.30429 
2.04156 1.56868 -2.80503 

2.04156 1.56868 -2.80503 
-0.0537327 1.01673 -3.30429 
-0.173158 1.68785 -3.39643 

-1.61058 1.49134 -3.00186 
-0.173158 1.68785 -3.39643 
-0.0537327 1.01673 -3.30429 

-1.99954 1.00413 -2.58857 
-1.61058 1.49134 -3.00186 
-0.0537327 1.01673 -3.30429 

-2.83137 1.55841 -1.87558 
-1.99954 1.00413 -2.58857 
-3.18768 1.02359 -0.89107 

-1.61058 1.49134 -3.00186 
-1.99954 1.00413 -2.58857 
-2.83137 1.55841 -1.87558 

-3.32855 1.70349 -0.511066 
-2.83137 1.55841 -1.87558 
-3.18768 1.02359 -0.89107 

-3.25365 1.71418 0.820529 
-3.08862 0.968064 1.15152 
-2.77431 1.55099 1.95909 

-3.32855 1.70349 -0.511066 
-3.18768 1.02359 -0.89107 
-3.25365 1.71418 0.820529 

-1.65629 1.69451 2.93891 
-2.77431 1.55099 1.95909 
-1.96097 1.02674 2.62158 

-0.594527 1.49218 3.35366 
-1.65629 1.69451 2.93891 
-0.681972 1.01728 3.16767 

-1.96097 1.02674 2.62158 
-0.681972 1.01728 3.16767 
-1.65629 1.69451 2.93891 

1.10374 1.02733 3.12142 
-0.594527 1.49218 3.35366 
-0.681972 1.01728 3.16767 

-0.594527 1.49218 3.35366 
1.10374 1.02733 3.12142 
0.616763 1.70577 3.32458 

2.27037 1.70957 2.51368 
0.616763 1.70577 3.32458 
1.10374 1.02733 3.12142 

2.77151 1.00112 1.77313 
2.27037 1.70957 2.51368 
1.10374 1.02733 3.12142 

2.27037 1.70957 2.51368 
2.77151 1.00112 1.77313 
3.3111 1.75112 0.691328 

3.3111 1.75112 0.691328 
3.23097 1.04784 0.333859 
3.24038 1.54556 -1.08738 

3.23097 1.04784 0.333859 
3.07651 1.03395 -1.1607 
3.24038 1.54556 -1.08738 

2.04156 1.56868 -2.80503 
2.69161 1.82863 -1.73718 
3.24038 1.54556 -1.08738 

-0.173158 1.68785 -3.39643 
-1.61058 1.49134 -3.00186 
-2.08666 1.83312 -2.4136 

-2.08666 1.83312 -2.4136 
-2.83137 1.55841 -1.87558 
-3.32855 1.70349 -0.511066 

-2.77431 1.55099 1.95909 
-1.65629 1.69451 2.93891 
-3.25365 1.71418 0.820529 

2.69161 1.82863 -1.73718 
3.3111 1.75112 0.691328 
3.24038 1.54556 -1.08738 

0.891826 2.63491 -0.392179 
2.69161 1.82863 -1.73718 
0.142048 2.68042 -0.950079 

-0.173158 1.68785 -3.39643 
-2.08666 1.83312 -2.4136 
0.142048 2.68042 -0.950079 

0.142048 2.68042 -0.950079 
-2.08666 1.83312 -2.4136 
-0.772242 2.64998 -0.584714 

-3.32855 1.70349 -0.511066 
-3.25365 1.71418 0.820529 
-0.823323 2.68904 0.490271 

-1.65629 1.69451 2.93891 
0.157866 2.65272 0.938017 
-0.823323 2.68904 0.490271 

-1.65629 1.69451 2.93891 
0.616763 1.70577 3.32458 
0.157866 2.65272 0.938017 

2.27037 1.70957 2.51368 
0.873993 2.64964 0.484798 
0.157866 2.65272 0.938017 

2.27037 1.70957 2.51368 
3.3111 1.75112 0.691328 
0.873993 2.64964 0.484798 

0.891826 2.63491 -0.392179 
3.3111 1.75112 0.691328 
2.69161 1.82863 -1.73718 

3.3111 1.75112 0.691328 
0.891826 2.63491 -0.392179 
0.873993 2.64964 0.484798 

0.891826 2.63491 -0.392179 
0.142048 2.68042 -0.950079 
0.395215 3.28758 -0.195231 

0.142048 2.68042 -0.950079 
-0.00272474 3.30626 -0.451859 
0.395215 3.28758 -0.195231 

0.142048 2.68042 -0.950079 
-0.772242 2.64998 -0.584714 
-0.00272474 3.30626 -0.451859 

-0.466044 3.30346 0.0496877 
-0.00272474 3.30626 -0.451859 
-0.772242 2.64998 -0.584714 

-0.823323 2.68904 0.490271 
-0.466044 3.30346 0.0496877 
-0.772242 2.64998 -0.584714 

-0.823323 2.68904 0.490271 
-0.0258329 3.31115 0.445092 
-0.466044 3.30346 0.0496877 

0.157866 2.65272 0.938017 
-0.0258329 3.31115 0.445092 
-0.823323 2.68904 0.490271 

0.157866 2.65272 0.938017 
0.873993 2.64964 0.484798 
-0.0258329 3.31115 0.445092 

0.873993 2.64964 0.484798 
0.39288 3.33379 0.276423 
-0.0258329 3.31115 0.445092 

0.891826 2.63491 -0.392179 
0.395215 3.28758 -0.195231 
0.873993 2.64964 0.484798 

0.39288 3.33379 0.276423 
0.873993 2.64964 0.484798 
0.395215 3.28758 -0.195231 

0.395215 3.28758 -0.195231 
0.836506 4.03906 -0.753119 
1.14278 4.06136 0.0967728 

-0.00272474 3.30626 -0.451859 
0.836506 4.03906 -0.753119 
0.395215 3.28758 -0.195231 

-0.0722657 4.01168 -1.1489 
0.836506 4.03906 -0.753119 
-0.00272474 3.30626 -0.451859 

-0.00272474 3.30626 -0.451859 
-0.978804 4.04509 -0.582798 
-0.0722657 4.01168 -1.1489 

-0.978804 4.04509 -0.582798 
-0.466044 3.30346 0.0496877 
-1.11215 4.05221 0.223855 

-0.466044 3.30346 0.0496877 
-0.629124 4.0467 0.938446 
-1.11215 4.05221 0.223855 

-0.629124 4.0467 0.938446 
-0.0258329 3.31115 0.445092 
0.044693 4.10369 1.1561 

-0.0258329 3.31115 0.445092 
0.732094 4.04612 0.865891 
0.044693 4.10369 1.1561 

0.39288 3.33379 0.276423 
0.395215 3.28758 -0.195231 
1.14278 4.06136 0.0967728 

1.57839 7.00616 -0.606808 
1.14278 4.06136 0.0967728 
0.836506 4.03906 -0.753119 

-1.11215 4.05221 0.223855 
-0.629124 4.0467 0.938446 
-1.64243 8.92946 1.05048 

0.433671 8.93571 1.90312 
0.044693 4.10369 1.1561 
0.732094 4.04612 0.865891 

0.836506 4.03906 -0.753119 
1.03921 6.86625 -1.30975 
1.57839 7.00616 -0.606808 

-0.0722657 4.01168 -1.1489 
0.159054 8.92057 -1.92628 
1.03921 6.86625 -1.30975 

-0.0722657 4.01168 -1.1489 
-0.839174 8.89525 -1.71508 
0.159054 8.92057 -1.92628 

-0.0722657 4.01168 -1.1489 
-1.37099 6.6512 -0.92739 
-0.839174 8.89525 -1.71508 

-0.978804 4.04509 -0.582798 
-1.88669 8.86952 -0.420113 
-1.37099 6.6512 -0.92739 

-1.88669 8.86952 -0.420113 
-1.11215 4.05221 0.223855 
-1.64243 8.92946 1.05048 

-0.629124 4.0467 0.938446 
-0.695385 8.91518 1.7996 
-1.64243 8.92946 1.05048 

-0.695385 8.91518 1.7996 
-0.629124 4.0467 0.938446 
0.044693 4.10369 1.1561 

0.044693 4.10369 1.1561 
0.433671 8.93571 1.90312 
-0.695385 8.91518 1.7996 

0.732094 4.04612 0.865891 
1.51805 8.85439 1.13571 
0.433671 8.93571 1.90312 

0.732094 4.04612 0.865891 
1.62287 6.8737 0.471302 
1.51805 8.85439 1.13571 

1.14278 4.06136 0.0967728 
1.57839 7.00616 -0.606808 
1.62287 6.8737 0.471302 

1.57839 7.00616 -0.606808 
1.37024 7.50026 -0.995545 
1.5007 7.2508 -0.764655 

1.57839 7.00616 -0.606808 
1.03921 6.86625 -1.30975 
1.37024 7.50026 -0.995545 

1.38984 8.83261 -1.21379 
1.03921 6.86625 -1.30975 
0.159054 8.92057 -1.92628 

1.37024 7.50026 -0.995545 
1.38984 8.83261 -1.21379 
1.5007 7.2508 -0.764655 

-0.839174 8.89525 -1.71508 
-1.37099 6.6512 -0.92739 
-1.88669 8.86952 -0.420113 

1.51805 8.85439 1.13571 
1.62287 6.8737 0.471302 
1.82653 8.86703 -0.118763 

1.38984 8.83261 -1.21379 
1.51572 9.74561 -2.18275 
2.47323 9.75323 -1.04016 

1.51572 9.74561 -2.18275 
1.38984 8.83261 -1.21379 
0.159054 8.92057 -1.92628 

0.157282 9.68321 -2.69411 
1.51572 9.74561 -2.18275 
0.159054 8.92057 -1.92628 

-0.839174 8.89525 -1.71508 
-1.62307 9.74327 -2.16329 
0.157282 9.68321 -2.69411 

-1.62307 9.74327 -2.16329 
-0.839174 8.89525 -1.71508 
-1.88669 8.86952 -0.420113 

-1.88669 8.86952 -0.420113 
-2.3744 9.76355 -1.14096 
-1.62307 9.74327 -2.16329 

-1.88669 8.86952 -0.420113 
-2.65185 9.7224 0.216712 
-2.3744 9.76355 -1.14096 

-2.65185 9.7224 0.216712 
-1.88669 8.86952 -0.420113 
-1.64243 8.92946 1.05048 

-2.2555 9.65819 1.37944 
-2.65185 9.7224 0.216712 
-1.64243 8.92946 1.05048 

-1.07645 9.76239 2.52859 
-2.2555 9.65819 1.37944 
-1.64243 8.92946 1.05048 

0.433671 8.93571 1.90312 
0.99357 9.76791 2.50249 
-1.07645 9.76239 2.52859 

1.51805 8.85439 1.13571 
2.12897 9.71897 1.64747 
0.99357 9.76791 2.50249 

2.63652 9.67468 0.267807 
1.51805 8.85439 1.13571 
1.82653 8.86703 -0.118763 

2.12897 9.71897 1.64747 
1.51805 8.85439 1.13571 
2.63652 9.67468 0.267807 

2.47323 9.75323 -1.04016 
1.82653 8.86703 -0.118763 
1.38984 8.83261 -1.21379 

1.82653 8.86703 -0.118763 
2.47323 9.75323 -1.04016 
2.63652 9.67468 0.267807 

-2.65185 9.7224 0.216712 
-2.2555 9.65819 1.37944 
-2.23413 10.0076 0.843833 

-2.2555 9.65819 1.37944 
-1.07645 9.76239 2.52859 
-2.23413 10.0076 0.843833 

2.63652 9.67468 0.267807 
2.30951 9.99556 0.482832 
2.12897 9.71897 1.64747 

2.63652 9.67468 0.267807 
2.47323 9.75323 -1.04016 
2.30951 9.99556 0.482832 

-0.0321087 10.4992 -1.19782 
0.677279 10.5 -0.98042 
1.51572 9.74561 -2.18275 

-0.0321087 10.4992 -1.19782 
0.157282 9.68321 -2.69411 
-1.62307 9.74327 -2.16329 

-1.62307 9.74327 -2.16329 
-2.3744 9.76355 -1.14096 
-0.0321087 10.4992 -1.19782 

-1.15948 10.4946 -0.17326 
-0.0321087 10.4992 -1.19782 
-2.3744 9.76355 -1.14096 

-2.65185 9.7224 0.216712 
-1.15948 10.4946 -0.17326 
-2.3744 9.76355 -1.14096 

-0.559578 10.4823 1.02419 
-1.15948 10.4946 -0.17326 
-2.23413 10.0076 0.843833 

-0.559578 10.4823 1.02419 
-1.07645 9.76239 2.52859 
0.99357 9.76791 2.50249 

-0.559578 10.4823 1.02419 
0.99357 9.76791 2.50249 
0.482364 10.5141 1.08139 

0.99357 9.76791 2.50249 
1.09451 10.5098 0.440611 
0.482364 10.5141 1.08139 

0.99357 9.76791 2.50249 
2.12897 9.71897 1.64747 
1.09451 10.5098 0.440611 

2.12897 9.71897 1.64747 
2.30951 9.99556 0.482832 
1.09451 10.5098 0.440611 

2.30951 9.99556 0.482832 
2.47323 9.75323 -1.04016 
0.677279 10.5 -0.98042 

2.30951 9.99556 0.482832 
0.677279 10.5 -0.98042 
1.14748 10.4993 -0.327828 

1.09451 10.5098 0.440611 
2.30951 9.99556 0.482832 
1.14748 10.4993 -0.327828 

3.10099 11.2906 -0.976306 
1.50948 10.7832 -0.985826 
2.32114 11.3027 -2.3144 

1.09451 10.5098 0.440611 
1.50948 10.7832 -0.985826 
3.10099 11.2906 -0.976306 

1.50948 10.7832 -0.985826 
0.677279 10.5 -0.98042 
-0.0321087 10.4992 -1.19782 

-0.0321087 10.4992 -1.19782 
2.32114 11.3027 -2.3144 
1.50948 10.7832 -0.985826 

0.846323 11.359 -3.24332 
2.32114 11.3027 -2.3144 
-0.0321087 10.4992 -1.19782 

-1.42191 11.3381 -3.00597 
0.846323 11.359 -3.24332 
-0.0321087 10.4992 -1.19782 

-1.42191 11.3381 -3.00597 
-0.0321087 10.4992 -1.19782 
-2.26077 11.1072 -1.77334 

-0.0321087 10.4992 -1.19782 
-1.15948 10.4946 -0.17326 
-2.26077 11.1072 -1.77334 

-2.26077 11.1072 -1.77334 
-1.15948 10.4946 -0.17326 
-2.91432 11.0928 0.461681 

-1.44801 11.1154 2.5553 
-2.91432 11.0928 0.461681 
-0.559578 10.4823 1.02419 

-1.15948 10.4946 -0.17326 
-0.559578 10.4823 1.02419 
-2.91432 11.0928 0.461681 

0.482364 10.5141 1.08139 
-1.44801 11.1154 2.5553 
-0.559578 10.4823 1.02419 

0.728739 11.1763 2.91658 
-1.44801 11.1154 2.5553 
0.482364 10.5141 1.08139 

0.728739 11.1763 2.91658 
0.482364 10.5141 1.08139 
2.48667 11.0551 1.38574 

0.482364 10.5141 1.08139 
1.09451 10.5098 0.440611 
2.48667 11.0551 1.38574 

3.10099 11.2906 -0.976306 
2.48667 11.0551 1.38574 
1.09451 10.5098 0.440611 

-0.743151 12.153 -4.07503 
0.846323 11.359 -3.24332 
-1.42191 11.3381 -3.00597 

-3.28025 12.0498 -2.40356 
-1.42191 11.3381 -3.00597 
-2.26077 11.1072 -1.77334 

-2.91432 11.0928 0.461681 
-3.83984 11.9933 -1.20513 
-2.26077 11.1072 -1.77334 

-3.83984 11.9933 -1.20513 
-3.28025 12.0498 -2.40356 
-2.26077 11.1072 -1.77334 

-3.99728 11.9902 0.712225 
-3.83984 11.9933 -1.20513 
-2.91432 11.0928 0.461681 

-2.82484 12.0598 3.02496 
-2.91432 11.0928 0.461681 
-1.44801 11.1154 2.5553 

-2.82484 12.0598 3.02496 
-3.99728 11.9902 0.712225 
-2.91432 11.0928 0.461681 

-0.48228 11.8787 3.90622 
-1.44801 11.1154 2.5553 
0.728739 11.1763 2.91658 

2.49146 11.9383 3.09834 
0.728739 11.1763 2.91658 
2.48667 11.0551 1.38574 

2.49146 11.9383 3.09834 
2.48667 11.0551 1.38574 
3.46969 11.9363 1.96786 

2.48667 11.0551 1.38574 
3.10099 11.2906 -0.976306 
3.96644 12.0104 0.731894 

3.96644 12.0104 0.731894 
3.46969 11.9363 1.96786 
2.48667 11.0551 1.38574 

3.10099 11.2906 -0.976306 
2.32114 11.3027 -2.3144 
3.98195 12.3034 -1.53016 

3.98195 12.3034 -1.53016 
2.32114 11.3027 -2.3144 
2.3765 12.1112 -3.3195 

1.03756 12.1432 -3.9505 
2.3765 12.1112 -3.3195 
0.846323 11.359 -3.24332 

0.846323 11.359 -3.24332 
2.3765 12.1112 -3.3195 
2.32114 11.3027 -2.3144 

-0.743151 12.153 -4.07503 
1.03756 12.1432 -3.9505 
0.846323 11.359 -3.24332 

-1.42191 11.3381 -3.00597 
-2.17025 12.3093 -3.57122 
-0.743151 12.153 -4.07503 

-2.17025 12.3093 -3.57122 
-1.42191 11.3381 -3.00597 
-3.28025 12.0498 -2.40356 

-1.44801 11.1154 2.5553 
-0.48228 11.8787 3.90622 
-2.82484 12.0598 3.02496 

0.728739 11.1763 2.91658 
1.1642 12.0493 3.87525 
-0.48228 11.8787 3.90622 

3.10099 11.2906 -0.976306 
3.98195 12.3034 -1.53016 
3.96644 12.0104 0.731894 

1.94625 12.7297 -3.78947 
3.22928 12.8274 -2.72139 
2.3765 12.1112 -3.3195 

2.3765 12.1112 -3.3195 
3.22928 12.8274 -2.72139 
3.98195 12.3034 -1.53016 

2.3765 12.1112 -3.3195 
1.03756 12.1432 -3.9505 
1.94625 12.7297 -3.78947 

1.03756 12.1432 -3.9505 
-0.743151 12.153 -4.07503 
0.315164 12.8205 -4.2055 

1.94625 12.7297 -3.78947 
1.03756 12.1432 -3.9505 
0.315164 12.8205 -4.2055 

-3.28025 12.0498 -2.40356 
-3.01832 12.7587 -2.97965 
-2.17025 12.3093 -3.57122 

-3.28025 12.0498 -2.40356 
-3.83984 11.9933 -1.20513 
-4.17578 12.834 -0.971985 

-3.01832 12.7587 -2.97965 
-3.28025 12.0498 -2.40356 
-4.17578 12.834 -0.971985 

-3.83984 11.9933 -1.20513 
-3.99728 11.9902 0.712225 
-4.17578 12.834 -0.971985 

-4.17578 12.834 -0.971985 
-3.99728 11.9902 0.712225 
-4.10206 12.7126 1.02666 

-3.99728 11.9902 0.712225 
-2.82484 12.0598 3.02496 
-3.60482 12.8164 2.22125 

-4.10206 12.7126 1.02666 
-3.99728 11.9902 0.712225 
-3.60482 12.8164 2.22125 

-0.48228 11.8787 3.90622 
-1.53903 12.5674 3.93789 
-2.82484 12.0598 3.02496 

-0.153486 12.6005 4.24352 
-1.53903 12.5674 3.93789 
-0.48228 11.8787 3.90622 

1.1642 12.0493 3.87525 
1.45653 12.6984 4.0175 
-0.153486 12.6005 4.24352 

1.45653 12.6984 4.0175 
1.1642 12.0493 3.87525 
2.49146 11.9383 3.09834 

3.01298 12.8065 3.00047 
1.45653 12.6984 4.0175 
2.49146 11.9383 3.09834 

2.49146 11.9383 3.09834 
3.46969 11.9363 1.96786 
3.01298 12.8065 3.00047 

3.46969 11.9363 1.96786 
3.96644 12.0104 0.731894 
3.88296 12.8072 1.67038 

3.01298 12.8065 3.00047 
3.46969 11.9363 1.96786 
3.88296 12.8072 1.67038 

3.96644 12.0104 0.731894 
3.98195 12.3034 -1.53016 
4.21128 12.8059 0.279585 

3.88296 12.8072 1.67038 
3.96644 12.0104 0.731894 
4.21128 12.8059 0.279585 

3.79817 13.3251 -1.08187 
3.98195 12.3034 -1.53016 
3.22928 12.8274 -2.72139 

-1.17249 13.0037 -4.00845 
-2.17025 12.3093 -3.57122 
-3.01832 12.7587 -2.97965 

-1.38078 13.3074 3.7323 
-2.69704 13.0299 3.13423 
-1.53903 12.5674 3.93789 

-1.53903 12.5674 3.93789 
-0.153486 12.6005 4.24352 
-1.38078 13.3074 3.7323 

3.79817 13.3251 -1.08187 
4.21128 12.8059 0.279585 
3.98195 12.3034 -1.53016 

1.94625 12.7297 -3.78947 
1.63289 13.4541 -3.46711 
3.22928 12.8274 -2.72139 

3.22928 12.8274 -2.72139 
1.63289 13.4541 -3.46711 
1.98614 14.3309 -1.99902 

0.315164 12.8205 -4.2055 
-0.390917 14.3248 -2.83465 
1.63289 13.4541 -3.46711 

-0.390917 14.3248 -2.83465 
0.315164 12.8205 -4.2055 
-1.17249 13.0037 -4.00845 

-3.01832 12.7587 -2.97965 
-2.61049 13.621 -2.67823 
-1.17249 13.0037 -4.00845 

-4.17578 12.834 -0.971985 
-3.34884 13.8981 -0.420816 
-2.61049 13.621 -2.67823 

-4.17578 12.834 -0.971985 
-3.44823 13.6634 1.14205 
-3.34884 13.8981 -0.420816 

-0.153486 12.6005 4.24352 
-0.0719121 13.5804 3.69627 
-1.38078 13.3074 3.7323 

1.45653 12.6984 4.0175 
1.58719 13.6058 3.29462 
-0.0719121 13.5804 3.69627 

1.45653 12.6984 4.0175 
3.01298 12.8065 3.00047 
1.58719 13.6058 3.29462 

1.58719 13.6058 3.29462 
3.01298 12.8065 3.00047 
2.74248 13.7487 2.18515 

2.74248 13.7487 2.18515 
3.01298 12.8065 3.00047 
3.88296 12.8072 1.67038 

3.62359 13.5826 0.707514 
4.21128 12.8059 0.279585 
3.79817 13.3251 -1.08187 

3.22928 12.8274 -2.72139 
1.98614 14.3309 -1.99902 
3.79817 13.3251 -1.08187 

2.65384 14.3933 0.231286 
3.79817 13.3251 -1.08187 
1.98614 14.3309 -1.99902 

-0.390917 14.3248 -2.83465 
1.98614 14.3309 -1.99902 
1.63289 13.4541 -3.46711 

-2.61049 13.621 -2.67823 
-3.34884 13.8981 -0.420816 
-2.32812 14.3993 -1.07862 

-3.60482 12.8164 2.22125 
-1.93027 14.2048 2.24219 
-3.44823 13.6634 1.14205 

0.129729 14.3343 2.71869 
-1.93027 14.2048 2.24219 
-1.38078 13.3074 3.7323 

0.129729 14.3343 2.71869 
-1.38078 13.3074 3.7323 
-0.0719121 13.5804 3.69627 

-0.0719121 13.5804 3.69627 
1.58719 13.6058 3.29462 
0.129729 14.3343 2.71869 

0.129729 14.3343 2.71869 
1.58719 13.6058 3.29462 
1.52959 14.3813 2.11782 

2.74248 13.7487 2.18515 
1.52959 14.3813 2.11782 
1.58719 13.6058 3.29462 

2.74248 13.7487 2.18515 
3.88296 12.8072 1.67038 
3.62359 13.5826 0.707514 

2.65384 14.3933 0.231286 
2.74248 13.7487 2.18515 
3.62359 13.5826 0.707514 

3.79817 13.3251 -1.08187 
2.65384 14.3933 0.231286 
3.62359 13.5826 0.707514 

-2.61049 13.621 -2.67823 
-2.32812 14.3993 -1.07862 
-0.390917 14.3248 -2.83465 

-3.34884 13.8981 -0.420816 
-3.44823 13.6634 1.14205 
-2.30323 14.4628 0.664692 

-2.32812 14.3993 -1.07862 
-3.34884 13.8981 -0.420816 
-2.30323 14.4628 0.664692 

-3.44823 13.6634 1.14205 
-1.93027 14.2048 2.24219 
-2.30323 14.4628 0.664692 

1.98614 14.3309 -1.99902 
-0.390917 14.3248 -2.83465 
-0.0945496 15.0733 0.102496 

-0.390917 14.3248 -2.83465 
-2.32812 14.3993 -1.07862 
-0.0945496 15.0733 0.102496 

-2.30323 14.4628 0.664692 
-0.0945496 15.0733 0.102496 
-2.32812 14.3993 -1.07862 

-1.93027 14.2048 2.24219 
0.129729 14.3343 2.71869 
-0.0945496 15.0733 0.102496 

0.129729 14.3343 2.71869 
1.52959 14.3813 2.11782 
-0.0945496 15.0733 0.102496 

2.65384 14.3933 0.231286 
-0.0945496 15.0733 0.102496 
1.52959 14.3813 2.11782 

2.65384 14.3933 0.231286 
1.98614 14.3309 -1.99902 
-0.0945496 15.0733 0.102496 

-2.83246 0.149721 -3.69595 
-2.40769 0.0396411 3.61751 
-4.42799 0.212552 -1.67275 

-2.83246 0.149721 -3.69595 
2.03626 0.0369523 3.77042 
-2.40769 0.0396411 3.61751 

-2.83246 0.149721 -3.69595 
4.49616 0.144081 -1.28332 
2.03626 0.0369523 3.77042 

4.63409 0.227362 0.751085 
3.86341 0.203219 2.64746 
4.49616 0.144081 -1.28332 

