0 0.0656845
1 0.0656845
2 0.150842
3 0.166043
4 0.213892
5 0.17787
6 0.238581
7 0.066003
8 0.184043
9 0.0611925
10 0.182699
11 0.0696508
12 0.183444
13 0.170939
14 0.164684
15 0.127952
16 0.066003
17 0.156949
18 0.185186
19 0.069147
20 0.069147
21 0.145903
22 0.170911
23 0.174762
24 0.236064
25 0.134674
26 0.18004
27 0.195914
28 0.234078
29 0.0612772
30 0.160436
31 0.0604407
32 0.159177
33 0.162088
34 0.221042
35 0.208881
36 0.144268
37 0.0639446
38 0.0662285
39 0.147034
40 0.176672
41 0.154577
42 0.0643159
43 0.0520107
44 0.0656711
45 0.162275
46 0.205179
47 0.176672
48 0.0562573
49 0.191828
50 0.164251
51 0.111587
52 0.0560607
53 0.0476509
54 0.161387
55 0.152669
56 0.173069
57 0.15093
58 0.181267
59 0.0697573
60 0.0674675
61 0.0722484
62 0.0564913
63 0.0465508
64 0.1876
65 0.144969
66 0.0506472
67 0.0459683
68 0.0525341
69 0.0525341
70 0.0662285
71 0.0579944
72 0.142946
73 0.213445
74 0.189617
75 0.237924
76 0.061119
77 0.143073
78 0.174221
79 0.179608
80 0.174221
81 0.054603
82 0.149344
83 0.054603
84 0.0556778
85 0.171101
86 0.192644
87 0.194933
88 0.196418
89 0.139528
90 0.186348
91 0.0507708
92 0.169785
93 0.0626089
94 0.054087
95 0.0462497
96 0.0658552
97 0.247631
98 0.186917
99 0.181566
100 0.146733
101 0.214497
102 0.0620839
103 0.22499
104 0.211001
105 0.151577
106 0.175893
107 0.053241
108 0.20978
109 0.174073
110 0.120246
111 0.136809
112 0.229707
113 0.0553122
114 0.0544195
115 0.0685463
116 0.0552187
117 0.206966
118 0.153756
119 0.188094
120 0.0669258
121 0.0569232
122 0.0512321
123 0.0683792
124 0.216523
125 0.0536235
126 0.151428
127 0.218439
128 0.235102
129 0.0589669
130 0.0518642
131 0.215868
132 0.0818728
133 0.197516
134 0.212187
135 0.238581
136 0.191299
137 0.166837
138 0.0657501
139 0.0817895
140 0.219772
141 0.195174
142 0.22499
143 0.130484
144 0.153756
145 0.0647518
146 0.0585511
147 0.0585511
148 0.150292
149 0.160054
150 0.0627244
151 0.141471
152 0.044439
153 0.173681
154 0.0564917
155 0.172626
156 0.158925
157 0.0594549
158 0.0590825
159 0.0618259
160 0.205866
161 0.215246
162 0.201482
163 0.0664139
164 0.194366
165 0.176278
166 0.15626
167 0.127968
168 0.16996
169 0.170939
170 0.18262
171 0.124666
172 0.202054
173 0.199799
174 0.163907
175 0.0573561
176 0.0576442
177 0.0584032
178 0.0584032
179 0.237887
180 0.0699002
181 0.0676011
182 0.057756
183 0.057705
184 0.217923
185 0.0651552
186 0.0607749
187 0.0519669
188 0.0527184
189 0.0493506
190 0.0637383
191 0.212125
192 0.0597057
193 0.0607533
194 0.238629
195 0.188352
196 0.189861
197 0.175407
198 0.228066
199 0.126164
200 0.147981
201 0.0594079
202 0.0594079
203 0.0817895
204 0.212187
205 0.144959
206 0.0528626
207 0.0528626
208 0.17512
209 0.17512
210 0.175669
211 0.228309
212 0.228309
213 0.0609219
214 0.0609219
215 0.13246
216 0.200423
217 0.201634
218 0.0522853
219 0.0569076
220 0.160944
221 0.0585712
222 0.0568413
223 0.0587526
224 0.0587526
225 0.0579457
226 0.0579457
227 0.233679
228 0.233679
229 0.238275
230 0.2228
231 0.211297
232 0.22973
233 0.20144
234 0.199459
235 0.172145
236 0.160944
237 0.182483
238 0.0611784
239 0.199459
240 0.147399
241 0.0610411
242 0.0579043
243 0.188118
244 0.0672554
245 0.211816
246 0.203471
247 0.0644195
248 0.0644195
249 0.176438
250 0.0591396
251 0.0564268
252 0.196254
253 0.199647
254 0.156358
255 0.163744
256 0.182873
257 0.214497
258 0.0594993
259 0.0594993
260 0.0627209
261 0.0612479
262 0.137492
263 0.136786
264 0.168834
265 0.054666
266 0.0547653
267 0.057279
268 0.181106
269 0.144057
270 0.169771
271 0.173664
272 0.143392
273 0.0540196
274 0.15516
275 0.0634223
276 0.141754
277 0.151738
278 0.234982
279 0.234982
280 0.0678479
281 0.0678479
282 0.126413
283 0.183046
284 0.142946
285 0.0615667
286 0.0575189
287 0.0621795
288 0.173911
289 0.0609503
290 0.206049
291 0.0609503
292 0.0632958
293 0.0527775
294 0.205049
295 0.135441
296 0.183083
297 0.0582949
298 0.0582949
299 0.0664643
300 0.0664643
301 0.0692272
302 0.0692272
303 0.203095
304 0.18553
305 0.0483852
306 0.0509147
307 0.0635874
308 0.0634548
309 0.192222
310 0.248426
311 0.168294
312 0.0644406
313 0.0644406
314 0.0662625
315 0.0662625
316 0.0675962
317 0.193447
318 0.251619
319 0.136419
320 0.22469
321 0.15061
322 0.193051
323 0.151738
324 0.145572
325 0.177735
326 0.143947
327 0.173724
328 0.0550253
329 0.0623396
330 0.0623396
331 0.169095
332 0.253429
333 0.178538
334 0.176025
335 0.0596338
336 0.272899
337 0.161973
338 0.0672094
339 0.176746
340 0.204118
341 0.176201
342 0.0571907
343 0.0567202
344 0.178791
345 0.132163
346 0.142093
347 0.167592
348 0.16586
349 0.211386
350 0.205704
351 0.0561094
352 0.0578553
353 0.059824
354 0.214665
355 0.15725
356 0.19574
357 0.0675771
358 0.0675771
359 0.164323
360 0.0619204
361 0.221557
362 0.201265
363 0.188004
364 0.171553
365 0.0561094
366 0.0498753
367 0.163806
368 0.167395
369 0.19597
370 0.0672589
371 0.0672589
372 0.0653745
373 0.142116
374 0.183295
375 0.22322
376 0.212165
377 0.154694
378 0.166891
379 0.161751
380 0.211263
381 0.0687672
382 0.0690456
383 0.19747
384 0.259198
385 0.0567322
386 0.207851
387 0.0654698
388 0.204767
389 0.069792
390 0.069792
391 0.148362
392 0.0676373
393 0.0676373
394 0.228046
395 0.165188
396 0.163663
397 0.0656352
398 0.18004
399 0.0649494
400 0.216606
401 0.218229
402 0.149591
403 0.180674
404 0.153811
405 0.14238
406 0.191808
407 0.170749
408 0.126253
409 0.221042
410 0.196716
411 0.149382
412 0.138627
413 0.057752
414 0.191916
415 0.236042
416 0.148599
417 0.212165
418 0.233841
419 0.251619
420 0.14197
421 0.0644211
422 0.22679
423 0.0618775
424 0.0569797
425 0.0542275
426 0.241053
427 0.0706769
428 0.0680122
429 0.0668097
430 0.190188
431 0.0444491
432 0.158431
433 0.0682414
434 0.0636379
435 0.192644
436 0.0500085
437 0.158438
438 0.188782
439 0.169727
440 0.185164
441 0.0633846
442 0.124077
443 0.0633846
444 0.064978
445 0.206804
446 0.218859
447 0.127979
448 0.0594546
449 0.0594546
450 0.0711056
451 0.060628
452 0.218859
453 0.193918
454 0.19747
455 0.141039
456 0.225402
457 0.144206
458 0.161729
459 0.188118
460 0.178458
461 0.0625011
462 0.153454
463 0.128996
464 0.0662023
465 0.0662023
466 0.225521
467 0.170277
468 0.206678
469 0.171665
470 0.0569109
471 0.187933
472 0.055828
473 0.165814
474 0.0733429
475 0.0717536
476 0.06462
477 0.206245
478 0.159131
479 0.17061
480 0.173425
481 0.145403
482 0.177346
483 0.0671056
484 0.0520166
485 0.0664409
486 0.18829
487 0.163705
488 0.187671
489 0.141754
490 0.20293
491 0.275799
492 0.238072
493 0.184043
494 0.181176
495 0.226082
496 0.221674
497 0.169677
498 0.22019
499 0.205817
500 0.139304
501 0.123553
502 0.146706
503 0.142495
504 0.112488
505 0.162399
506 0.168874
507 0.0564913
508 0.22019
509 0.22679
510 0.196886
511 0.186814
512 0.170954
513 0.147274
514 0.15217
515 0.140914
516 0.139197
517 0.139197
518 0.22677
519 0.201723
520 0.131579
521 0.218448
522 0.149253
523 0.0663503
524 0.102082
525 0.155053
526 0.118831
527 0.194786
528 0.180576
529 0.201198
530 0.174622
531 0.166007
532 0.241683
533 0.241683
534 0.152314
535 0.155372
536 0.235154
537 0.199425
538 0.171137
539 0.162321
540 0.159346
541 0.134218
542 0.180846
543 0.208106
544 0.24955
545 0.206049
546 0.18241
547 0.0696508
548 0.171691
549 0.151577
550 0.212408
551 0.165705
552 0.141027
553 0.264822
554 0.188017
555 0.230708
556 0.169984
557 0.176906
558 0.155969
559 0.191035
560 0.146706
561 0.239499
562 0.161623
563 0.054802
564 0.0703165
565 0.208425
566 0.13948
567 0.0703165
568 0.242154
569 0.152866
570 0.185822
571 0.111545
572 0.0542475
573 0.135961
574 0.170765
575 0.17476
576 0.170883
577 0.168705
578 0.140985
579 0.265168
580 0.055329
581 0.073519
582 0.198488
583 0.196227
584 0.163153
585 0.072912
586 0.0541239
587 0.0541106
588 0.211295
589 0.216636
590 0.216636
591 0.0743182
592 0.0656902
593 0.0743182
594 0.228748
595 0.198659
596 0.0545675
597 0.220718
598 0.225063
599 0.130328
600 0.1615
601 0.0491802
602 0.13246
603 0.0698282
604 0.144408
605 0.160756
606 0.0584814
607 0.136303
608 0.272899
609 0.208065
610 0.15475
611 0.204544
612 0.0486951
613 0.11828
614 0.186517
615 0.190302
616 0.0595166
617 0.199093
618 0.188285
619 0.0669485
620 0.154886
621 0.162882
622 0.154654
623 0.163718
624 0.218477
625 0.0693548
626 0.246519
627 0.214861
628 0.150036
629 0.193582
630 0.164838
631 0.179667
632 0.181655
633 0.200573
634 0.200573
635 0.196699
636 0.179857
637 0.181421
638 0.207927
639 0.207927
640 0.203846
641 0.251884
642 0.201332
643 0.0600494
644 0.158504
645 0.0568124
646 0.0689702
647 0.140363
648 0.176
649 0.0716447
650 0.144057
651 0.122584
652 0.179688
653 0.153454
654 0.17797
655 0.046918
656 0.188285
657 0.0621591
658 0.0658025
659 0.0654837
660 0.0654837
661 0.0576937
662 0.17941
663 0.169859
664 0.187372
665 0.159764
666 0.14729
667 0.0612524
668 0.189725
669 0.219836
670 0.0613225
671 0.187477
672 0.161602
673 0.161196
674 0.19435
675 0.0620319
676 0.122965
677 0.164986
678 0.204544
679 0.129843
680 0.191542
681 0.053241
682 0.160466
683 0.148041
684 0.0600152
685 0.0528169
686 0.0561813
687 0.172511
688 0.151069
689 0.0708446
690 0.15415
691 0.211163
692 0.0527644
693 0.160436
694 0.123588
695 0.168821
696 0.149347
697 0.150304
698 0.210868
699 0.0623406
700 0.172868
701 0.166008
702 0.169826
703 0.0527184
704 0.185042
705 0.185042
706 0.186646
707 0.174793
708 0.225252
709 0.140156
710 0.0553827
711 0.0577962
712 0.225252
713 0.243494
714 0.0622865
715 0.172037
716 0.0688028
717 0.0739124
718 0.130524
719 0.172868
720 0.217475
721 0.127114
722 0.161168
723 0.203414
724 0.235102
725 0.0658102
726 0.174069
727 0.169984
728 0.140144
729 0.240111
730 0.181069
731 0.178538
732 0.172068
733 0.0544839
734 0.207685
735 0.207685
736 0.0690456
737 0.059903
738 0.0545291
739 0.0540444
740 0.0614468
741 0.181526
742 0.186818
743 0.210958
744 0.212408
745 0.165958
746 0.0714787
747 0.0734954
748 0.162676
749 0.0580159
750 0.0671056
751 0.175669
752 0.205034
753 0.156998
754 0.214736
755 0.0501142
756 0.0540573
757 0.0540573
758 0.206848
759 0.234657
760 0.159692
761 0.170643
762 0.194415
763 0.194975
764 0.0639374
765 0.168874
766 0.194975
767 0.144718
768 0.219772
769 0.047669
770 0.217723
771 0.226082
772 0.174633
773 0.0570515
774 0.14765
775 0.170677
776 0.164111
777 0.177911
778 0.169243
779 0.170677
780 0.239657
781 0.152646
782 0.149208
783 0.0546684
784 0.149924
785 0.174799
786 0.158496
787 0.235883
788 0.153627
789 0.174756
790 0.147034
791 0.205179
792 0.0667301
793 0.161387
794 0.0601136
795 0.210335
796 0.151564
797 0.185539
798 0.150036
799 0.0551098
800 0.172112
801 0.061119
802 0.0737909
803 0.126239
804 0.176438
805 0.233841
806 0.190359
807 0.159925
808 0.168687
809 0.14755
810 0.172498
811 0.246519
812 0.173079
813 0.0594064
814 0.141631
815 0.0511648
816 0.208703
817 0.0485436
818 0.143506
819 0.164609
820 0.149657
821 0.053416
822 0.0687271
823 0.0687271
824 0.145886
825 0.058765
826 0.0554758
827 0.0544839
828 0.164143
829 0.0569251
830 0.159993
831 0.159993
832 0.153085
833 0.22306
834 0.0572052
835 0.141981
836 0.155593
837 0.155593
838 0.137941
839 0.164558
840 0.158622
841 0.213641
842 0.176419
843 0.1752
844 0.0689402
845 0.052904
846 0.0696089
847 0.0696089
848 0.212441
849 0.0658552
850 0.186221
851 0.152827
852 0.181905
853 0.199647
854 0.134569
855 0.167249
856 0.145302
857 0.0737909
858 0.196886
859 0.054534
860 0.174073
861 0.0612263
862 0.262732
863 0.0485849
864 0.209169
865 0.206883
866 0.216606
867 0.0584158
868 0.202441
869 0.0548454
870 0.198028
871 0.225766
872 0.062957
873 0.0551606
874 0.181905
875 0.0605853
876 0.168705
877 0.218439
878 0.264868
879 0.173724
880 0.213297
881 0.0716447
882 0.064023
883 0.220514
884 0.166837
885 0.244802
886 0.239003
887 0.0571603
888 0.0609676
889 0.202441
890 0.194886
891 0.0649096
892 0.189786
893 0.214884
894 0.206067
895 0.0542995
896 0.0643972
897 0.210667
898 0.147274
899 0.0504986
900 0.0603351
901 0.177911
902 0.114239
903 0.157537
904 0.157777
905 0.0633174
906 0.15516
907 0.072438
908 0.223749
909 0.223749
910 0.0604183
911 0.146357
912 0.125264
913 0.17839
914 0.158925
915 0.17599
916 0.186616
917 0.157382
918 0.216016
919 0.178839
920 0.173623
921 0.171137
922 0.055945
923 0.0643237
924 0.171021
925 0.169859
926 0.0666953
927 0.152484
928 0.0617102
929 0.163123
930 0.145347
931 0.21615
932 0.167965
933 0.176369
934 0.177346
935 0.14947
936 0.176369
937 0.141387
938 0.139026
939 0.159764
940 0.153758
941 0.138283
942 0.160523
943 0.220001
944 0.070797
945 0.070797
946 0.218229
947 0.0546684
948 0.0632258
949 0.0580866
950 0.163968
951 0.169095
952 0.179688
953 0.174069
954 0.212202
955 0.209156
956 0.193875
957 0.179917
958 0.193383
959 0.0535862
960 0.198832
961 0.137957
962 0.217923
963 0.16869
964 0.170091
965 0.0627254
966 0.24955
967 0.0470277
968 0.161613
969 0.145883
970 0.0550374
971 0.224261
972 0.225935
973 0.173878
974 0.15234
975 0.152154
976 0.146918
977 0.148307
978 0.210868
979 0.200162
980 0.0582244
981 0.199566
982 0.190359
983 0.16359
984 0.246329
985 0.139318
986 0.139318
987 0.158301
988 0.0559892
989 0.251555
990 0.0584925
991 0.149332
992 0.201966
993 0.0584925
994 0.166834
995 0.06853
996 0.203434
997 0.153773
998 0.0563121
999 0.16359
1000 0.0477358
1001 0.0627244
1002 0.251023
1003 0.0518391
1004 0.130697
1005 0.148952
1006 0.0518391
1007 0.230323
1008 0.225063
1009 0.217543
1010 0.217543
1011 0.167601
1012 0.225935
1013 0.165094
1014 0.149344
1015 0.17395
1016 0.154341
1017 0.17586
1018 0.230323
1019 0.070612
1020 0.0545745
1021 0.153871
1022 0.205097
1023 0.176226
1024 0.145175
1025 0.159131
1026 0.251023
1027 0.0615667
1028 0.154533
1029 0.139304
1030 0.142112
1031 0.141749
1032 0.206105
1033 0.115943
1034 0.166933
1035 0.189088
1036 0.164427
1037 0.189088
1038 0.223432
1039 0.138989
1040 0.231147
1041 0.161623
1042 0.065584
1043 0.201913
1044 0.0687546
1045 0.142443
1046 0.139769
1047 0.150027
1048 0.0723227
1049 0.17839
1050 0.147051
1051 0.161198
1052 0.0599113
1053 0.0540026
1054 0.171138
1055 0.1577
1056 0.125586
1057 0.217723
1058 0.139891
1059 0.253607
1060 0.181655
1061 0.166012
1062 0.142621
1063 0.182777
1064 0.169596
1065 0.154726
1066 0.176116
1067 0.172511
1068 0.172411
1069 0.12942
1070 0.177021
1071 0.153116
1072 0.0635463
1073 0.221299
1074 0.151994
1075 0.200852
1076 0.180488
1077 0.23731
1078 0.256249
1079 0.178364
1080 0.178364
1081 0.153189
1082 0.0494918
1083 0.053241
1084 0.129991
1085 0.164111
1086 0.187372
1087 0.178469
1088 0.179729
1089 0.176055
1090 0.210332
1091 0.0649096
1092 0.162162
1093 0.120162
1094 0.0660326
1095 0.181577
1096 0.0482028
1097 0.237924
1098 0.262732
1099 0.169776
1100 0.157975
1101 0.0691851
1102 0.175496
1103 0.0567177
1104 0.0691851
1105 0.0682485
1106 0.315171
1107 0.214237
1108 0.0686895
1109 0.135904
1110 0.161751
1111 0.172692
1112 0.225402
1113 0.173664
1114 0.201913
1115 0.134096
1116 0.141027
1117 0.235748
1118 0.163947
1119 0.18411
1120 0.155372
1121 0.0580173
1122 0.132191
1123 0.14947
1124 0.191331
1125 0.0623815
1126 0.224355
1127 0.0722539
1128 0.0624766
1129 0.0722539
1130 0.0715539
1131 0.15912
1132 0.152669
1133 0.0632825
1134 0.0703975
1135 0.0703975
1136 0.0652277
1137 0.0505905
1138 0.0596392
1139 0.173681
1140 0.0682414
1141 0.198861
1142 0.054256
1143 0.0508419
1144 0.0602227
1145 0.0592018
1146 0.182258
1147 0.219063
1148 0.239499
1149 0.163433
1150 0.233153
1151 0.0618775
1152 0.058765
1153 0.0689441
1154 0.162562
1155 0.0670269
1156 0.0666677
1157 0.0590652
1158 0.0666677
1159 0.0678695
1160 0.122785
1161 0.203481
1162 0.187451
1163 0.0682378
1164 0.11677
1165 0.141524
1166 0.168802
1167 0.174239
1168 0.202592
1169 0.164473
1170 0.0549487
1171 0.175893
1172 0.0561138
1173 0.251555
1174 0.153085
1175 0.152226
1176 0.158452
1177 0.145244
1178 0.0541239
1179 0.0521651
1180 0.184434
1181 0.244514
1182 0.140985
1183 0.213641
1184 0.0477321
1185 0.141962
1186 0.0533823
1187 0.17395
1188 0.171744
1189 0.187094
1190 0.176226
1191 0.143855
1192 0.194284
1193 0.0570731
1194 0.208731
1195 0.134408
1196 0.176055
1197 0.173255
1198 0.213119
1199 0.315171
1200 0.166933
1201 0.176906
1202 0.172669
1203 0.133188
1204 0.152565
1205 0.186646
1206 0.148275
1207 0.148681
1208 0.163968
1209 0.164558
1210 0.182254
1211 0.209942
1212 0.163806
1213 0.192464
1214 0.192464
1215 0.0711776
1216 0.066195
1217 0.0552281
1218 0.0706763
1219 0.160613
1220 0.210332
1221 0.181213
1222 0.189948
1223 0.149657
1224 0.134549
1225 0.228748
1226 0.177021
1227 0.21231
1228 0.141595
1229 0.191019
1230 0.15415
1231 0.20978
1232 0.193382
1233 0.203084
1234 0.205928
1235 0.161729
1236 0.0788007
1237 0.202371
1238 0.265168
1239 0.169776
1240 0.155556
1241 0.163934
1242 0.167479
1243 0.182777
1244 0.0592077
1245 0.0592077
1246 0.150684
1247 0.192209
1248 0.144265
1249 0.0583968
1250 0.186201
1251 0.170219
1252 0.139614
1253 0.154625
1254 0.197931
1255 0.163123
1256 0.172068
1257 0.157317
1258 0.167281
1259 0.154646
1260 0.173045
1261 0.198861
1262 0.167757
1263 0.16636
1264 0.217475
1265 0.176419
1266 0.16625
1267 0.162297
1268 0.155406
1269 0.0665194
1270 0.0629486
1271 0.170267
1272 0.0624922
1273 0.205671
1274 0.0714225
1275 0.0507248
1276 0.196908
1277 0.0603865
1278 0.0519202
1279 0.0521932
1280 0.0544195
1281 0.0599876
1282 0.256249
1283 0.0626105
1284 0.059903
1285 0.0664017
1286 0.0513191
1287 0.211
1288 0.211
1289 0.213924
1290 0.0663741
1291 0.195097
1292 0.196088
1293 0.0528617
1294 0.0607533
1295 0.0596998
1296 0.0605918
1297 0.149256
1298 0.185822
1299 0.176755
1300 0.184292
1301 0.147128
1302 0.0597566
1303 0.0646128
1304 0.136303
1305 0.0578491
1306 0.0588295
1307 0.18329
1308 0.242154
1309 0.058098
1310 0.159925
1311 0.0585159
1312 0.0583243
1313 0.17833
1314 0.237887
1315 0.142495
1316 0.0556591
1317 0.0558702
1318 0.0719406
1319 0.0644769
1320 0.174762
1321 0.180647
1322 0.142145
1323 0.22699
1324 0.156033
1325 0.181499
1326 0.152306
1327 0.059052
1328 0.0662918
1329 0.220554
1330 0.19765
1331 0.236042
1332 0.178458
1333 0.0644769
1334 0.0589751
1335 0.248426
1336 0.0662918
1337 0.176813
1338 0.168493
1339 0.141225
1340 0.0693245
1341 0.0489512
1342 0.201482
1343 0.17586
1344 0.19618
1345 0.191224
1346 0.205161
1347 0.0658025
1348 0.202844
1349 0.0596641
1350 0.0667353
1351 0.20144
1352 0.183672
1353 0.200905
1354 0.200457
1355 0.171098
1356 0.171211
1357 0.0690247
1358 0.0649335
1359 0.154551
1360 0.171739
1361 0.213966
1362 0.0551635
1363 0.150258
1364 0.183083
1365 0.184505
1366 0.0641734
1367 0.144912
1368 0.0578491
1369 0.0561606
1370 0.167399
1371 0.0589669
1372 0.0621795
1373 0.19155
1374 0.154295
1375 0.182258
1376 0.0612713
1377 0.0570731
1378 0.176116
1379 0.200545
1380 0.183333
1381 0.125361
1382 0.0658714
1383 0.167399
1384 0.0794428
1385 0.151706
1386 0.173911
1387 0.211297
1388 0.163516
1389 0.167592
1390 0.177429
1391 0.239657
1392 0.196418
1393 0.0612263
1394 0.0818728
1395 0.22677
1396 0.0579734
1397 0.219063
1398 0.192831
1399 0.2176
1400 0.0486963
1401 0.148681
1402 0.231147
1403 0.216838
1404 0.17797
1405 0.176755
1406 0.147871
1407 0.15931
1408 0.193396
1409 0.174906
1410 0.0683792
1411 0.0544042
1412 0.0597302
1413 0.0553345
1414 0.0577189
1415 0.15061
1416 0.178797
1417 0.135145
1418 0.162424
1419 0.0668097
1420 0.198041
1421 0.0651096
1422 0.132506
1423 0.209263
1424 0.179857
1425 0.151523
1426 0.0664574
1427 0.198385
1428 0.1512
1429 0.173024
1430 0.185322
1431 0.172692
1432 0.212923
1433 0.234657
1434 0.22973
1435 0.176746
1436 0.181106
1437 0.0583664
1438 0.168197
1439 0.134547
1440 0.0725312
1441 0.229707
1442 0.0579734
1443 0.0629486
1444 0.159619
1445 0.0585712
1446 0.0597302
1447 0.184505
1448 0.131522
1449 0.213924
1450 0.147189
1451 0.192406
1452 0.0577189
1453 0.0594753
1454 0.20535
1455 0.182608
1456 0.16996
1457 0.174803
1458 0.238275
1459 0.176201
1460 0.176278
1461 0.211001
1462 0.059772
1463 0.15475
1464 0.116534
1465 0.0565884
1466 0.170643
1467 0.205097
1468 0.184358
1469 0.0581204
1470 0.171553
1471 0.0594263
1472 0.0680122
1473 0.22574
1474 0.147734
1475 0.0632911
1476 0.0664574
1477 0.06424
1478 0.0581204
1479 0.142135
1480 0.0693245
1481 0.148124
1482 0.0522746
1483 0.0612713
1484 0.0558592
1485 0.0596449
1486 0.06424
1487 0.0670207
1488 0.053211
1489 0.0540412
1490 0.0641734
1491 0.0725312
1492 0.18507
1493 0.222698
1494 0.206228
1495 0.198659
1496 0.178966
1497 0.198818
1498 0.0552187
1499 0.0570123
1500 0.164145
1501 0.171098
1502 0.15926
1503 0.146661
1504 0.0698282
1505 0.0711056
1506 0.174622
1507 0.173838
1508 0.200162
1509 0.206017
1510 0.171452
1511 0.175407
1512 0.220959
1513 0.259198
1514 0.0565465
1515 0.124763
1516 0.150051
1517 0.197456
1518 0.211816
1519 0.0649335
1520 0.0690247
1521 0.205474
1522 0.0665482
1523 0.142093
1524 0.0665482
1525 0.0663741
1526 0.21283
1527 0.0714395
1528 0.163905
1529 0.0669485
1530 0.152326
1531 0.23754
1532 0.23754
1533 0.0647393
1534 0.212366
1535 0.0622704
1536 0.0580144
1537 0.141524
1538 0.205161
1539 0.0552281
1540 0.208425
1541 0.211177
1542 0.0658714
1543 0.247966
1544 0.240111
1545 0.15097
1546 0.218448
1547 0.224101
1548 0.220438
1549 0.163244
1550 0.0671332
1551 0.205561
1552 0.205817
1553 0.205866
1554 0.170516
1555 0.188781
1556 0.065584
1557 0.183742
1558 0.0665194
1559 0.147106
1560 0.186517
1561 0.0590736
1562 0.0512871
1563 0.0687355
1564 0.214665
1565 0.181183
1566 0.247966
1567 0.0688019
1568 0.119799
1569 0.22295
1570 0.0652943
1571 0.0573161
1572 0.0707515
1573 0.0557505
1574 0.0668674
1575 0.137307
1576 0.164986
1577 0.0592734
1578 0.0663221
1579 0.125857
1580 0.203719
1581 0.0590652
1582 0.165397
1583 0.213966
1584 0.146813
1585 0.149151
1586 0.0583664
1587 0.0735806
1588 0.264822
1589 0.0584257
1590 0.179428
1591 0.144667
1592 0.159445
1593 0.0592117
1594 0.0677182
1595 0.141034
1596 0.162424
1597 0.193051
1598 0.0580451
1599 0.173838
1600 0.209023
1601 0.223432
1602 0.179116
1603 0.19155
1604 0.18005
1605 0.053241
1606 0.141434
1607 0.192918
1608 0.253607
1609 0.186801
1610 0.143905
1611 0.0561638
1612 0.0561638
1613 0.19597
1614 0.0571091
1615 0.120558
1616 0.166043
1617 0.141749
1618 0.11611
1619 0.134394
1620 0.179729
1621 0.105955
1622 0.0660326
1623 0.0540525
1624 0.0516183
1625 0.0602967
1626 0.0456686
1627 0.0512037
1628 0.197684
1629 0.217798
1630 0.188726
1631 0.0531682
1632 0.0551168
1633 0.06853
1634 0.0569528
1635 0.186801
1636 0.171114
1637 0.0594064
1638 0.0616704
1639 0.0616704
1640 0.0551718
1641 0.107142
1642 0.148124
1643 0.178058
1644 0.18411
1645 0.0615775
1646 0.0562416
1647 0.145886
1648 0.151207
1649 0.17042
1650 0.178103
1651 0.158622
1652 0.18575
1653 0.164584
1654 0.170915
1655 0.178103
1656 0.116975
1657 0.167638
1658 0.0664737
1659 0.178068
1660 0.177182
1661 0.0583174
1662 0.181602
1663 0.0546855
1664 0.0564917
1665 0.0637808
1666 0.181602
1667 0.0663221
1668 0.0567322
1669 0.183553
1670 0.165094
1671 0.107573
1672 0.0672569
1673 0.208106
1674 0.183553
1675 0.0520333
1676 0.251884
1677 0.163663
1678 0.0494415
1679 0.138967
1680 0.17279
1681 0.201966
1682 0.213445
1683 0.199818
1684 0.191
1685 0.134983
1686 0.172669
1687 0.149924
1688 0.157244
1689 0.210544
1690 0.17042
1691 0.215253
1692 0.127238
1693 0.0411696
1694 0.198982
1695 0.239136
1696 0.207646
1697 0.066716
1698 0.185038
1699 0.17599
1700 0.143432
1701 0.183672
1702 0.127921
1703 0.191331
1704 0.151994
1705 0.16047
1706 0.0545675
1707 0.191224
1708 0.181176
1709 0.155292
1710 0.0573295
1711 0.0523411
1712 0.147175
1713 0.124284
1714 0.150809
1715 0.203846
1716 0.168834
1717 0.200126
1718 0.0667301
1719 0.210112
1720 0.195646
1721 0.151569
1722 0.0545206
1723 0.198982
1724 0.182422
1725 0.170181
1726 0.172408
1727 0.124599
1728 0.198393
1729 0.0651552
1730 0.182699
1731 0.151264
1732 0.152416
1733 0.216523
1734 0.152646
1735 0.0625011
1736 0.160655
1737 0.170114
1738 0.244514
1739 0.228046
1740 0.165469
1741 0.165469
1742 0.173425
1743 0.188781
1744 0.158431
1745 0.220438
1746 0.186316
1747 0.155737
1748 0.0565261
1749 0.169013
1750 0.0632258
1751 0.182603
1752 0.13871
1753 0.154726
1754 0.22306
1755 0.231993
1756 0.07426
1757 0.195071
1758 0.18553
1759 0.140363
1760 0.07426
1761 0.142495
1762 0.0652933
1763 0.17061
1764 0.0623815
1765 0.0573615
1766 0.0581897
1767 0.146733
1768 0.0588862
1769 0.130113
1770 0.0588862
1771 0.177429
1772 0.143956
1773 0.161965
1774 0.180576
1775 0.180846
1776 0.198041
1777 0.180674
1778 0.0580406
1779 0.16844
1780 0.155724
1781 0.0542226
1782 0.150931
1783 0.132186
1784 0.155554
1785 0.221299
1786 0.180918
1787 0.184808
1788 0.203221
1789 0.183295
1790 0.163925
1791 0.301662
1792 0.19778
1793 0.146346
1794 0.235883
1795 0.0553872
1796 0.15141
1797 0.184369
1798 0.170989
1799 0.054534
1800 0.189861
1801 0.22699
1802 0.128029
1803 0.162321
1804 0.053241
1805 0.163274
1806 0.0702829
1807 0.215923
1808 0.057279
1809 0.209942
1810 0.0633276
1811 0.137618
1812 0.135224
1813 0.228066
1814 0.0584374
1815 0.0481171
1816 0.191916
1817 0.053241
1818 0.139784
1819 0.0536722
1820 0.0708446
1821 0.165342
1822 0.203084
1823 0.166755
1824 0.211163
1825 0.16047
1826 0.0594083
1827 0.149151
1828 0.205934
1829 0.186814
1830 0.135456
1831 0.215246
1832 0.154527
1833 0.230708
1834 0.154873
1835 0.188726
1836 0.172408
1837 0.129331
1838 0.0735806
1839 0.301662
1840 0.216838
1841 0.149672
1842 0.182938
1843 0.0623406
1844 0.154527
1845 0.161096
1846 0.173069
1847 0.0449958
1848 0.0594265
1849 0.143586
1850 0.203888
1851 0.140914
1852 0.053241
1853 0.195646
1854 0.172601
1855 0.164883
1856 0.0620485
1857 0.0480845
1858 0.0686895
1859 0.0635463
1860 0.196716
1861 0.201198
1862 0.21231
1863 0.140257
1864 0.0640362
1865 0.160523
1866 0.174756
1867 0.0542575
1868 0.072438
1869 0.196254
1870 0.0637609
1871 0.198654
1872 0.0653745
1873 0.181566
1874 0.113296
1875 0.0519124
1876 0.12774
1877 0.17821
1878 0.157374
1879 0.2064
1880 0.183742
1881 0.0550374
1882 0.0607453
1883 0.057752
1884 0.0622365
1885 0.205704
1886 0.153758
1887 0.171531
1888 0.152985
1889 0.220001
1890 0.19034
1891 0.166891
1892 0.178966
1893 0.144751
1894 0.191828
1895 0.164838
1896 0.167598
1897 0.166691
1898 0.166012
1899 0.237301
1900 0.212357
1901 0.191336
1902 0.163705
1903 0.173878
1904 0.0594263
1905 0.162789
1906 0.161073
1907 0.0678695
1908 0.212357
1909 0.176865
1910 0.207851
1911 0.18262
1912 0.169588
1913 0.170911
1914 0.15234
1915 0.182038
1916 0.18594
1917 0.152163
1918 0.145816
1919 0.0603351
1920 0.056235
1921 0.0571091
1922 0.224355
1923 0.0566031
1924 0.210667
1925 0.0584158
1926 0.235839
1927 0.137307
1928 0.161741
1929 0.275799
1930 0.185405
1931 0.0558836
1932 0.125758
1933 0.19778
1934 0.139344
1935 0.16844
1936 0.138466
1937 0.18241
1938 0.122133
1939 0.161196
1940 0.185164
1941 0.0584814
1942 0.175496
1943 0.0594753
1944 0.0510382
1945 0.0707515
1946 0.0503952
1947 0.139658
1948 0.175234
1949 0.168493
1950 0.168294
1951 0.197684
1952 0.157382
1953 0.152649
1954 0.178576
1955 0.14137
1956 0.1577
1957 0.158822
1958 0.168997
1959 0.165261
1960 0.208592
1961 0.207646
1962 0.193396
1963 0.15184
1964 0.171114
1965 0.0504002
1966 0.148971
1967 0.158496
1968 0.169826
1969 0.143452
1970 0.0702158
1971 0.0706769
1972 0.222711
1973 0.217148
1974 0.237301
1975 0.0574652
1976 0.203016
1977 0.129119
1978 0.200905
1979 0.206596
1980 0.243494
1981 0.152239
1982 0.0536722
1983 0.142946
1984 0.0539364
1985 0.0448788
1986 0.191035
1987 0.142624
1988 0.188004
1989 0.239136
1990 0.142112
1991 0.217798
1992 0.0530485
1993 0.208703
1994 0.206631
1995 0.0499426
