1 0
2 0
3 3
4 2
5 2.14286
6 3
7 0.1
8 0
9 5.125
10 0
11 3.125
12 0
13 1
14 4
15 1.14286
16 2
17 0
18 2
19 3.16667
20 0
21 0
22 2
23 2.16667
24 2.30952
25 0.111111
26 3.14286
27 4
28 3
29 0.1
30 0
31 3.16667
32 0
33 0.125
34 3.11111
35 3.11111
36 0.111111
37 3
38 0
39 0
40 5
41 3.2
42 2.24359
43 0
44 0
45 0
46 3
47 0.25
48 2.3
49 0
50 0.0909091
51 3
52 3
53 0
54 0
55 3
56 2
57 2.2
58 3
59 0.21978
60 0
61 0
62 0
63 0
64 0
65 0.366667
66 2.2
67 0
68 0
69 0
70 0
71 0
72 0
73 3
74 0.1
75 5.1
76 2.2
77 0
78 3
79 4
80 0.111111
81 3
82 0
83 3
84 0
85 0
86 2
87 4
88 3
89 2
90 3.125
91 0.111111
92 0
93 4
94 0
95 0
96 0
97 0
98 0.325
99 3.16667
100 3
101 3.14286
102 3.28571
103 0
104 0.142857
105 2
106 3
107 2.14286
108 0
109 3
110 0.1
111 3
112 1
113 0.0769231
114 0
115 0
116 0
117 0
118 0.0769231
119 3
120 3
121 0
122 0
123 0
124 0
125 1
126 0
127 3.14286
128 0.309524
129 0.125
130 0
131 0
132 0.142857
133 0
134 0.125
135 0.0833333
136 0.1
137 0.0769231
138 3
139 0
140 0
141 2
142 0.111111
143 0.253968
144 2
145 4
146 0
147 0
148 0
149 3.16667
150 0.125
151 0
152 3.36667
153 0
154 2.125
155 0
156 4
157 3
158 0
159 0
160 0
161 2.16667
162 3
163 0.1
164 0
165 0.0769231
166 3
167 4
168 2
169 3.16667
170 3.5
171 3
172 3.16667
173 0.0833333
174 0.0833333
175 3
176 0
177 0
178 0
179 0
180 0.111111
181 0
182 0
183 0
184 0
185 0.236111
186 0
187 0
188 0
189 0
190 0
191 0
192 2.25
193 0
194 0
195 1.14286
196 0.142857
197 1.14286
198 3
199 0.1
200 0.142857
201 2.36111
202 0
203 0
204 0
205 0.0833333
206 5
207 0
208 0
209 1
210 1
211 5
212 0.0833333
213 0.0833333
214 0
215 0
216 1
217 0.1
218 0.111111
219 0
220 0
221 5
222 0
223 0
224 0
225 0
226 0
227 0
228 0.111111
229 0.111111
230 1
231 0.309524
232 2.16667
233 2.29167
234 1.29167
235 2.24359
236 3.16667
237 2
238 0.166667
239 0
240 0.0769231
241 2
242 0
243 0
244 3
245 0
246 0.0833333
247 0.111111
248 0
249 0
250 2.16667
251 0
252 0
253 3
254 3.5
255 3.2
256 4
257 0.142857
258 0.285714
259 0
260 0
261 0
262 0
263 3
264 2
265 3.2
266 0
267 0
268 0
269 3
270 2
271 0.166667
272 5.11111
273 2
274 0
275 2
276 0
277 2
278 1.35
279 0.1
280 0.1
281 0
282 0
283 0.142857
284 2.14286
285 2
286 0
287 0
288 0
289 3
290 0
291 4.14286
292 0
293 0
294 0
295 3
296 1.25
297 4
298 0
299 0
300 0
301 0
302 0
303 0
304 0.111111
305 2.125
306 0
307 0
308 0
309 0
310 0.142857
311 1.14286
312 4.11111
313 0
314 0
315 0
316 0
317 0
318 0.125
319 1.14286
320 3
321 1
322 0.125
323 4
324 1.29444
325 3
326 4
327 2.14286
328 3.5
329 0
330 0
331 0
332 3.125
333 0.285714
334 0.142857
335 3
336 0
337 0.309524
338 0.125
339 0
340 4
341 3.14286
342 4.125
343 0
344 0
345 4
346 2.16667
347 3.11111
348 4
349 4
350 0.1
351 2
352 0
353 0
354 0
355 2.16667
356 2.30952
357 0.125
358 0
359 0
360 3.14286
361 0
362 0.1
363 0.211111
364 3
365 4.14286
366 0
367 0
368 4
369 0.125
370 0.0833333
371 0
372 0
373 0
374 3
375 3
376 0.166667
377 3
378 3.16667
379 3
380 4
381 0.142857
382 0
383 0
384 0.125
385 0.236111
386 0
387 3.16667
388 0
389 2.5
390 0
391 0
392 3
393 0
394 0
395 0.142857
396 2
397 1
398 0
399 5
400 0
401 0.1
402 4
403 3.14286
404 2.2
405 4.14286
406 2.14286
407 0.142857
408 2
409 1.40952
410 3.14286
411 3
412 2
413 0.1
414 0
415 1
416 0.111111
417 3.29167
418 2
419 0.166667
420 2.14286
421 2.16667
422 0
423 0.111111
424 0
425 0
426 0
427 0.325
428 0
429 0
430 0
431 0.1
432 0
433 5.14286
434 0
435 0
436 3
437 0
438 3
439 0.0909091
440 4
441 4
442 0
443 1.16667
444 0
445 0
446 0.111111
447 4
448 2
449 0
450 0
451 0
452 0
453 5
454 3.125
455 0.125
456 2.28571
457 0.366667
458 4
459 3
460 2
461 4.11111
462 0
463 3
464 3
465 0
466 0
467 0.111111
468 1
469 0.166667
470 3.16667
471 0
472 3.16667
473 0
474 2
475 0
476 0
477 0
478 0.309524
479 2
480 4
481 3
482 3.5
483 3
484 0
485 0
486 0
487 3.25
488 3
489 0.0909091
490 3
491 0.142857
492 0.253968
493 3.14286
494 3
495 5
496 1.11111
497 0.111111
498 2.14286
499 2.1
500 0.111111
501 4
502 2
503 3
504 3
505 2
506 3.24286
507 4
508 0
509 2.11111
510 0.111111
511 3
512 3
513 3
514 3
515 3.23611
516 1.125
517 1.16667
518 4.16667
519 0.2
520 0.142857
521 2.25
522 3.3
523 4.14286
524 0
525 0.125
526 1.16667
527 2.2
528 2.16667
529 2
530 4.16667
531 3.5
532 2
533 0.111111
534 0.111111
535 2
536 4
537 0.1
538 2
539 3
540 3
541 2
542 3
543 2
544 2
545 1.24286
546 2.14286
547 3
548 0
549 3
550 3
551 2.16667
552 4
553 4
554 0.142857
555 4.11111
556 0.309524
557 2
558 5
559 4
560 1.1
561 3
562 1
563 3
564 0
565 0
566 3.16667
567 2
568 0
569 2
570 3
571 4
572 2.26667
573 0
574 0.1
575 0.257576
576 0.0909091
577 3
578 4
579 2.36667
580 0.236111
581 0
582 0
583 0.1
584 0.1
585 2.25
586 0
587 0
588 0
589 0.309524
590 0.166667
591 1.30952
592 0
593 0
594 0
595 0.111111
596 1.14286
597 0
598 0.325
599 0.125
600 3.1
601 2.1
602 0
603 3
604 0
605 3
606 3
607 0
608 3
609 0.333333
610 0.2
611 3
612 0.1
613 0
614 0.166667
615 1.26667
616 0.166667
617 0
618 1.29167
619 1
620 0
621 4
622 3.11111
623 2
624 4
625 0.1
626 0
627 1.21111
628 0.111111
629 5
630 2.1
631 3
632 2
633 4
634 4
635 3
636 4
637 3
638 2.1
639 0.253968
640 0.111111
641 4.1
642 0.125
643 0.142857
644 0
645 3.11111
646 0
647 0
648 2
649 0.125
650 0
651 3
652 4
653 5.16667
654 2
655 3.14286
656 0
657 3.1
658 0
659 0
660 0
661 0
662 0
663 1.29167
664 3
665 4
666 4
667 4
668 0
669 0.309524
670 0.125
671 0
672 3.125
673 3
674 5
675 3.30952
676 0
677 2.30952
678 3
679 0.1
680 2
681 0.1
682 0
683 2
684 2
685 0
686 0
687 0
688 3
689 3
690 0
691 0.1
692 0.125
693 0
694 2.16667
695 3
696 1
697 2.125
698 3
699 1.16667
700 0
701 5
702 3
703 3
704 0
705 0.111111
706 0.111111
707 3
708 0.277778
709 0.142857
710 2
711 0
712 0
713 1.28571
714 3
715 0
716 4
717 0
718 0
719 2.11111
720 2
721 2
722 3.16667
723 4
724 1.11111
725 0.125
726 0
727 4
728 3
729 3
730 1.14286
731 0.142857
732 0.253968
733 4
734 0
735 4
736 3
737 0
738 0
739 0
740 0
741 0
742 0.1
743 3
744 3.14286
745 3.14286
746 0.125
747 0
748 0
749 2
750 0
751 0
752 2
753 0.142857
754 3
755 1.25
756 0
757 0
758 0
759 0.166667
760 2
761 3.36667
762 2
763 0.3
764 0.142857
765 0
766 4
767 0.642857
768 3.2
769 5.16667
770 0
771 0.142857
772 0.142857
773 2
774 0
775 3
776 3
777 3
778 2
779 5
780 3.14286
781 1.25
782 4
783 3.14286
784 0
785 2
786 0.1
787 2
788 0.642857
789 4
790 4
791 3
792 0.125
793 0
794 4
795 0
796 1
797 4
798 0.22619
799 3
800 0
801 2.125
802 0
803 0
804 2
805 2.16667
806 1.16667
807 4.14286
808 3
809 2
810 3
811 2
812 2.21111
813 3.16667
814 0
815 2
816 0
817 4
818 0
819 3
820 2.14286
821 2.11111
822 0
823 0
824 0
825 2.16667
826 0
827 0
828 0
829 3.14286
830 0
831 3
832 3
833 2
834 0.166667
835 0
836 2.1
837 2
838 3
839 3
840 2
841 3
842 4
843 3
844 5
845 0
846 0
847 0
848 0
849 0.142857
850 0
851 1
852 2
853 4
854 3
855 3.125
856 2
857 3
858 0
859 3
860 0
861 1.1
862 0
863 0.291667
864 0
865 0.1
866 0.142857
867 0.1
868 0
869 0.111111
870 0
871 0.111111
872 0.142857
873 0
874 0
875 3
876 0
877 2
878 0.166667
879 0.642857
880 2
881 1.1
882 0
883 0
884 0.166667
885 2.14286
886 2.125
887 3.16667
888 0
889 0
890 0.236111
891 0.366667
892 0
893 1.125
894 1.16667
895 0.142857
896 0
897 0
898 2
899 3
900 0
901 0
902 2
903 2.25397
904 2
905 0.166667
906 0
907 3
908 0
909 0.111111
910 0.111111
911 0
912 3.11111
913 3.16667
914 0.125
915 2
916 3
917 0.125
918 4.14286
919 0.166667
920 0.125
921 2.2
922 3
923 0
924 0
925 4
926 3
927 0
928 3
929 0
930 2.33333
931 0.1
932 1.21591
933 2
934 4
935 5
936 2
937 2
938 4
939 3
940 3
941 4
942 3
943 2
944 1.16667
945 0
946 0
947 2.125
948 0
949 0
950 0
951 3
952 3.125
953 3
954 4
955 0.2
956 4
957 2.29167
958 2
959 1
960 0
961 0.142857
962 3
963 0.111111
964 3
965 1
966 0
967 0.142857
968 0
969 2
970 1.14286
971 0
972 2.11111
973 0.142857
974 3
975 3
976 3.25
977 4.2
978 1.28571
979 1
980 1
981 0
982 0.1
983 3
984 3
985 2.29167
986 3
987 3
988 5.125
989 0
990 3.125
991 0
992 2.14286
993 3.16667
994 0
995 2.14286
996 0
997 2.1
998 2.21111
999 0
1000 4
1001 0
1002 0
1003 0.125
1004 0
1005 3
1006 0.1
1007 0
1008 2.14286
1009 0.125
1010 1
1011 1
1012 0.166667
1013 0.142857
1014 3
1015 3
1016 4
1017 3
1018 3
1019 1
1020 0
1021 0
1022 2
1023 3
1024 4
1025 3
1026 3.5
1027 0.125
1028 0
1029 2
1030 3
1031 3
1032 3
1033 0.111111
1034 0.1
1035 3
1036 4
1037 4
1038 3
1039 0.111111
1040 3.44286
1041 1.33333
1042 4
1043 0
1044 3
1045 0
1046 3
1047 2.125
1048 4
1049 0
1050 0.267857
1051 3
1052 2
1053 0
1054 0
1055 0.111111
1056 3
1057 2.2
1058 0.142857
1059 2
1060 3
1061 3
1062 5
1063 3.36667
1064 3
1065 1
1066 4
1067 1
1068 4
1069 2
1070 2.1
1071 3
1072 3.2
1073 0
1074 1.16667
1075 3
1076 4.25397
1077 2.14286
1078 0.142857
1079 0.291667
1080 4
1081 3
1082 0.125
1083 0
1084 0
1085 3.2
1086 3
1087 2
1088 1.33333
1089 3
1090 3
1091 0.0833333
1092 0
1093 2
1094 2.16667
1095 0
1096 3
1097 0
1098 2
1099 0.291667
1100 4
1101 5.36667
1102 0
1103 4
1104 0
1105 0
1106 0
1107 0.236111
1108 0.111111
1109 0
1110 3.16667
1111 4
1112 3
1113 0.2
1114 2.11111
1115 3
1116 3
1117 2
1118 0.253968
1119 3
1120 4.14286
1121 3
1122 0
1123 2.11111
1124 2
1125 3.125
1126 0
1127 0.309524
1128 0
1129 0
1130 0
1131 0
1132 0.125
1133 3
1134 0
1135 0
1136 0
1137 0
1138 0
1139 0
1140 2.25
1141 0
1142 4.07692
1143 0
1144 0
1145 0
1146 0
1147 5
1148 0.142857
1149 2
1150 2
1151 2
1152 0
1153 0
1154 0
1155 3
1156 0
1157 0
1158 0
1159 0
1160 0
1161 2
1162 0.266667
1163 3.25397
1164 0
1165 0.166667
1166 0.125
1167 3
1168 2.36667
1169 0.25
1170 0.166667
1171 0
1172 4.125
1173 0
1174 1
1175 4
1176 2
1177 4
1178 3.2
1179 0
1180 0
1181 0.142857
1182 0.1
1183 2.2
1184 4
1185 0
1186 2
1187 0
1188 3
1189 5
1190 0.125
1191 3
1192 2
1193 0.125
1194 0
1195 0.0769231
1196 4
1197 3
1198 2.2
1199 1.14286
1200 0.236111
1201 3
1202 4
1203 3
1204 2
1205 3
1206 3
1207 2
1208 3
1209 4
1210 3
1211 3
1212 3
1213 2.16667
1214 4.11111
1215 4
1216 0
1217 0
1218 0
1219 0
1220 2.14286
1221 0.0833333
1222 3
1223 0.1
1224 3.11111
1225 2
1226 0.111111
1227 4
1228 4
1229 2.29167
1230 3.33333
1231 0.1
1232 3
1233 2
1234 2
1235 3.11111
1236 4
1237 0
1238 0.125
1239 0.236111
1240 2.14286
1241 2.30952
1242 3
1243 2.5
1244 4
1245 0
1246 0
1247 3.14286
1248 1.25
1249 3
1250 0
1251 2
1252 3.23611
1253 3
1254 4
1255 2.16667
1256 3.16667
1257 2.2
1258 4
1259 4.14286
1260 3
1261 3
1262 5.21978
1263 2.14286
1264 2
1265 0.166667
1266 3
1267 2.2
1268 3.16667
1269 4.14286
1270 0
1271 0
1272 3.225
1273 0
1274 0.1
1275 0
1276 0
1277 0.142857
1278 0
1279 0
1280 0
1281 0
1282 0
1283 0.125
1284 0
1285 0
1286 0
1287 0
1288 1.225
1289 0.1
1290 0.111111
1291 0
1292 2
1293 1.16667
1294 0
1295 0
1296 0
1297 0
1298 2.31111
1299 5
1300 2.26786
1301 0.125
1302 3
1303 0
1304 0
1305 2
1306 0
1307 0
1308 0.111111
1309 2
1310 0
1311 4
1312 0
1313 0
1314 0.125
1315 0.111111
1316 3
1317 0
1318 0
1319 0
1320 0
1321 4.29167
1322 0.142857
1323 4
1324 0.166667
1325 3.2
1326 0.0769231
1327 0.142857
1328 0
1329 0
1330 0.311111
1331 0.125
1332 0.111111
1333 3
1334 0
1335 0
1336 0.142857
1337 0
1338 3.16667
1339 3
1340 3.25
1341 0
1342 0
1343 0.1
1344 2
1345 1.21111
1346 4
1347 0.125
1348 0
1349 0.194444
1350 0
1351 0
1352 0.125
1353 4
1354 3
1355 1.2
1356 3
1357 0.1
1358 0
1359 0
1360 3
1361 0.125
1362 0.111111
1363 0
1364 4
1365 3
1366 2
1367 0
1368 2.24286
1369 0
1370 0
1371 4
1372 0
1373 0
1374 4.16667
1375 3
1376 4
1377 0
1378 0
1379 4
1380 0.0833333
1381 0.1
1382 2
1383 0
1384 3
1385 0
1386 3.14286
1387 3
1388 1.16667
1389 2.31111
1390 3.14286
1391 2.2
1392 1.125
1393 4.125
1394 0
1395 0
1396 0.366667
1397 0
1398 1.25397
1399 0.0833333
1400 1
1401 0
1402 3
1403 0.0833333
1404 0.111111
1405 4
1406 3.14286
1407 2.21591
1408 3.1
1409 2.33333
1410 4.26786
1411 0
1412 0
1413 0
1414 0
1415 0
1416 1.125
1417 3
1418 3
1419 2.14286
1420 0
1421 2
1422 0
1423 3.14286
1424 0.142857
1425 4
1426 4
1427 0
1428 0.267857
1429 2.125
1430 2.29167
1431 3
1432 3
1433 0.125
1434 3
1435 0.291667
1436 2
1437 3
1438 0
1439 3
1440 1.14286
1441 0
1442 0.0769231
1443 0
1444 0
1445 2
1446 0
1447 0
1448 3
1449 3
1450 0.361111
1451 4
1452 2
1453 0
1454 0
1455 0.0833333
1456 3
1457 0.166667
1458 2.5
1459 3.5
1460 4
1461 3.16667
1462 2
1463 0
1464 3
1465 2.16667
1466 0
1467 1
1468 2
1469 2.125
1470 0
1471 3.14286
1472 0
1473 0
1474 0.111111
1475 3
1476 0
1477 0
1478 0
1479 0
1480 3
1481 0
1482 3
1483 0
1484 0
1485 0
1486 0
1487 0
1488 0
1489 0
1490 0
1491 0
1492 0
1493 1.14286
1494 0.267857
1495 3
1496 0.142857
1497 2.26786
1498 2.14286
1499 0
1500 0
1501 2
1502 3
1503 2
1504 4
1505 0
1506 0
1507 2.5
1508 2
1509 4
1510 2.25397
1511 4
1512 3
1513 3.14286
1514 3.23611
1515 0
1516 2.30952
1517 2.16667
1518 0.125
1519 0.0833333
1520 0
1521 0
1522 0.0833333
1523 0
1524 3
1525 0
1526 0
1527 0.1
1528 0
1529 3.16667
1530 0
1531 3
1532 0.125
1533 0.125
1534 0
1535 0.111111
1536 0
1537 0
1538 0.125
1539 0.125
1540 0
1541 4
1542 0.142857
1543 0
1544 2.25
1545 2.11111
1546 4
1547 2.1
1548 0.142857
1549 0.166667
1550 0.1
1551 0
1552 3.14286
1553 0.111111
1554 4
1555 2
1556 0.125
1557 0
1558 2.16667
1559 0
1560 2
1561 0.111111
1562 0
1563 0
1564 0
1565 0.166667
1566 0.125
1567 0.25
1568 0
1569 2
1570 0.166667
1571 0
1572 0
1573 0
1574 0
1575 0
1576 2
1577 3
1578 0
1579 0
1580 3.2
1581 0.125
1582 0
1583 2
1584 0.111111
1585 4
1586 3.14286
1587 0
1588 0
1589 0.142857
1590 0
1591 3
1592 3
1593 4
1594 0
1595 0
1596 4
1597 3.14286
1598 4
1599 0
1600 4
1601 1.11111
1602 0.111111
1603 1.30952
1604 4.16667
1605 3.16667
1606 0
1607 4
1608 1.29167
1609 1
1610 4.36667
1611 0.125
1612 0
1613 0
1614 0.111111
1615 0
1616 2.16667
1617 2.2
1618 3
1619 2.36667
1620 2.14286
1621 3
1622 3
1623 0
1624 0
1625 0
1626 0
1627 0
1628 0
1629 0.142857
1630 3.2
1631 0.111111
1632 0
1633 0
1634 0
1635 0
1636 4.2
1637 3
1638 0
1639 0
1640 0
1641 0
1642 2
1643 4
1644 3
1645 4.14286
1646 0
1647 0
1648 2
1649 2
1650 2
1651 3
1652 4
1653 0.1
1654 0.1
1655 3.33333
1656 4
1657 2.16667
1658 3.16667
1659 0
1660 4
1661 3
1662 0
1663 3
1664 0
1665 0
1666 0
1667 3
1668 0
1669 0
1670 3
1671 5
1672 2.2
1673 0
1674 1
1675 4
1676 0
1677 0.291667
1678 3
1679 0
1680 2.25397
1681 2.36667
1682 0.166667
1683 0.1
1684 1.30952
1685 2.16667
1686 3.16667
1687 4.16667
1688 2
1689 5
1690 2
1691 4
1692 0.342857
1693 1.34286
1694 0
1695 0.142857
1696 1.66667
1697 2
1698 0
1699 0.111111
1700 4
1701 1.16667
1702 4
1703 2.16667
1704 3.11111
1705 2
1706 2.25
1707 0
1708 2.125
1709 3
1710 2.16667
1711 0
1712 0
1713 3
1714 3.125
1715 3.16667
1716 3.26667
1717 3
1718 3
1719 0
1720 3.125
1721 3
1722 2.25
1723 0
1724 0.309524
1725 2
1726 1.11111
1727 3
1728 3.14286
1729 1.25
1730 0
1731 3.29167
1732 4
1733 2
1734 1
1735 2
1736 0
1737 4
1738 4
1739 0.1
1740 0.242857
1741 4
1742 2
1743 5
1744 0.125
1745 4
1746 1.36667
1747 1
1748 2
1749 0
1750 1
1751 0
1752 4.1
1753 2.25
1754 4
1755 1.5
1756 0.2
1757 0
1758 0.111111
1759 1
1760 3
1761 0
1762 3.16667
1763 0
1764 3
1765 0
1766 0
1767 0
1768 3
1769 0
1770 3
1771 0
1772 3.2
1773 3.16667
1774 5
1775 2
1776 3
1777 2
1778 2.2
1779 0
1780 3.09091
1781 4
1782 0
1783 2
1784 3
1785 3
1786 2
1787 0.166667
1788 2
1789 0.1
1790 4.25
1791 5
1792 0.25
1793 0.291667
1794 4
1795 2.14286
1796 0
1797 3
1798 3.16667
1799 2.16667
1800 0
1801 1.125
1802 0.142857
1803 3.2
1804 4
1805 0
1806 4
1807 0
1808 0.142857
1809 0
1810 3
1811 0
1812 2
1813 3
1814 0.1
1815 0
1816 0
1817 2
1818 0
1819 2
1820 0
1821 0
1822 2.25397
1823 3
1824 3
1825 0.267857
1826 1.16667
1827 0
1828 3
1829 0.166667
1830 4
1831 3
1832 1
1833 4
1834 0.142857
1835 3
1836 0.111111
1837 3
1838 2.16667
1839 0
1840 1.41667
1841 0.253968
1842 4.16667
1843 0.142857
1844 0
1845 3
1846 3
1847 3
1848 0
1849 0
1850 3.14286
1851 4.16667
1852 2.125
1853 0
1854 3
1855 3
1856 3.16667
1857 0
1858 0
1859 0
1860 0
1861 1.14286
1862 4
1863 1
1864 2.14286
1865 0
1866 3.2
1867 3
1868 0
1869 0
1870 2
1871 0
1872 0.142857
1873 0
1874 4
1875 3.1
1876 0
1877 2
1878 2.27778
1879 2.125
1880 0.0909091
1881 1.2
1882 0
1883 0
1884 0
1885 0
1886 3
1887 2
1888 0.166667
1889 4
1890 3.16667
1891 0.2
1892 3
1893 4.14286
1894 4
1895 0.0909091
1896 4
1897 3.16667
1898 4
1899 3
1900 2.34286
1901 3
1902 3
1903 4
1904 3
1905 0
1906 3
1907 2.11111
1908 0
1909 2
1910 4.33333
1911 2.29167
1912 2
1913 5.16667
1914 2
1915 4.1
1916 1
1917 2
1918 3
1919 3
1920 0
1921 0
1922 0
1923 0.309524
1924 0
1925 0.142857
1926 0
1927 0.642857
1928 2
1929 3.125
1930 0.253968
1931 3
1932 0
1933 2
1934 0.291667
1935 4
1936 3.25758
1937 4
1938 4
1939 1
1940 2
1941 4
1942 0
1943 3
1944 0
1945 0
1946 0
1947 0
1948 3.16667
1949 0.2
1950 4.16667
1951 3.31111
1952 0.142857
1953 3.14286
1954 3
1955 3
1956 3
1957 3.25
1958 3
1959 3
1960 2
1961 4.125
1962 4
1963 3.22619
1964 0.125
1965 4
1966 0
1967 4
1968 4
1969 4
1970 3.325
1971 0
1972 0
1973 0.166667
1974 0.2
1975 3.14286
1976 0
1977 2
1978 1.26786
1979 4
1980 0.166667
1981 3
1982 2.14286
1983 0
1984 1.2
1985 0
1986 0
1987 0.1
1988 3
1989 4
1990 0.666667
1991 4
1992 3
1993 0
1994 4
1995 2
1996 0
